-------------------------------------------------------------------------------------------------       
 1971-2000 Daily/Monthly Station Normals                                                                
 Provided by National Climatic Data Center/NESDIS/NOAA                                                  
-------------------------------------------------------------------------------------------------       
 Station COOP ID:                           045115                                                      
 Station Name, State, Division, Call:       LOS ANGELES DOWNTOWN USC           CA 06 CQT                
 Latitude, Longitude, Elevation, Elements:  34 01 40 -118 17 45   185 XNP                               
-------------------------------------------------------------------------------------------------       
 Minimum Temperature (deg F [tenths deg F for monthly])                                                 
 DAY  1  2  3  4  5  6  7  8  9 10 11 12 13 14 15 16 17 18 19 20 21 22 23 24 25 26 27 28 29 30 31  MONTH
-------------------------------------------------------------------------------------------------       
JAN  48 48 48 48 48 48 48 48 48 48 48 48 48 48 48 48 49 49 49 49 49 49 49 49 49 49 49 49 49 49 49    485
FEB  49 50 50 50 50 50 50 50 50 50 50 50 50 50 50 50 50 50 50 51 51 51 51 51 51 51 51 51             503
MAR  51 51 51 51 51 51 51 51 51 51 51 51 51 51 51 52 52 52 52 52 52 52 52 52 52 52 52 52 53 53 53    516
APR  53 53 53 53 53 53 53 54 54 54 54 54 54 54 54 54 55 55 55 55 55 55 55 55 55 56 56 56 56 56       544
MAY  56 56 56 57 57 57 57 57 57 57 57 57 58 58 58 58 58 58 58 58 58 59 59 59 59 59 59 59 59 60 60    579
JUN  60 60 60 60 60 60 60 60 61 61 61 61 61 61 61 61 62 62 62 62 62 62 62 62 63 63 63 63 63 63       614
JUL  63 63 64 64 64 64 64 64 64 64 64 64 65 65 65 65 65 65 65 65 65 65 65 65 65 65 65 65 65 66 66    646
AUG  65 65 65 65 65 65 65 65 66 66 66 66 66 66 66 66 66 66 66 66 66 66 66 66 66 66 66 65 65 65 65    656
SEP  66 66 66 65 65 65 65 65 65 65 65 65 65 65 65 65 65 65 64 64 64 64 64 64 64 64 64 63 63 63       646
OCT  63 63 63 62 62 62 62 62 62 61 61 61 61 60 60 60 60 60 59 59 59 59 58 58 58 58 57 57 57 57 56    599
NOV  56 56 55 55 55 55 54 54 54 54 53 53 53 53 53 52 52 52 52 52 51 51 51 51 51 50 50 50 50 50       526
DEC  49 49 49 49 49 49 49 49 49 48 48 48 48 48 48 48 48 48 48 48 48 48 48 48 48 48 48 48 48 48 48    483
                                                                                                        
-------------------------------------------------------------------------------------------------       
 Maximum Temperature (deg F [tenths deg F for monthly])                                                 
 DAY  1  2  3  4  5  6  7  8  9 10 11 12 13 14 15 16 17 18 19 20 21 22 23 24 25 26 27 28 29 30 31  MONTH
-------------------------------------------------------------------------------------------------       
JAN  68 68 68 68 68 68 68 68 68 68 68 68 68 68 68 68 68 68 68 68 68 68 68 68 68 68 68 68 69 69 69    681
FEB  69 69 69 69 69 69 69 69 70 70 70 70 70 70 70 70 70 70 70 70 70 70 70 70 70 69 69 69             696
MAR  70 70 69 69 69 69 69 69 69 69 69 69 69 69 70 70 70 70 70 70 70 70 70 70 70 71 71 71 71 71 71    698
APR  71 72 72 72 72 72 72 72 73 73 73 73 73 73 73 73 73 73 74 74 74 74 74 74 74 74 74 74 74 74       731
MAY  74 74 74 74 74 74 74 74 74 74 74 74 74 74 74 74 74 74 74 74 75 75 75 75 75 75 76 76 76 76 76    745
JUN  77 77 77 77 77 78 78 78 78 79 79 79 79 79 79 80 80 80 80 80 81 81 81 81 81 81 82 82 82 82       795
JUL  82 82 82 83 83 83 83 83 83 83 83 84 84 84 84 84 84 84 84 84 84 84 84 85 85 85 85 85 85 85 85    838
AUG  85 85 85 85 85 85 85 85 85 85 85 85 85 85 85 85 85 85 85 85 85 85 85 85 85 84 84 84 84 84 84    848
SEP  84 84 84 84 84 84 84 84 84 84 84 84 84 84 84 83 83 83 83 83 83 83 83 83 82 82 82 82 82 82       833
OCT  82 81 81 81 81 81 81 80 80 80 80 80 80 79 79 79 79 79 79 78 78 78 78 78 77 77 77 77 77 76 76    790
NOV  76 76 76 75 75 75 75 75 74 74 74 74 74 73 73 73 73 73 72 72 72 72 72 72 71 71 71 71 71 71       732
DEC  70 70 70 70 70 70 70 69 69 69 69 69 69 69 69 68 68 68 68 68 68 68 68 68 68 68 68 68 68 68 68    687
                                                                                                        
-------------------------------------------------------------------------------------------------       
 Average Temperature (deg F [tenths deg F for monthly])                                                 
 DAY  1  2  3  4  5  6  7  8  9 10 11 12 13 14 15 16 17 18 19 20 21 22 23 24 25 26 27 28 29 30 31  MONTH
-------------------------------------------------------------------------------------------------       
JAN  58 58 58 58 58 58 58 58 58 58 58 58 58 58 58 58 58 58 58 58 58 58 59 59 59 59 59 59 59 59 59    583
FEB  59 60 60 60 60 60 60 60 60 60 60 60 60 60 60 60 60 60 60 60 60 60 60 60 60 60 60 60             600
MAR  60 60 60 60 60 60 60 60 60 60 60 60 60 60 61 61 61 61 61 61 61 61 61 61 61 61 62 62 62 62 62    607
APR  62 62 62 63 63 63 63 63 63 63 63 64 64 64 64 64 64 64 64 64 64 64 65 65 65 65 65 65 65 65       638
MAY  65 65 65 65 65 65 65 65 65 66 66 66 66 66 66 66 66 66 66 66 67 67 67 67 67 67 67 68 68 68 68    662
JUN  68 68 69 69 69 69 69 69 70 70 70 70 70 70 70 71 71 71 71 71 71 72 72 72 72 72 72 72 72 73       705
JUL  73 73 73 73 73 73 73 74 74 74 74 74 74 74 74 74 74 74 75 75 75 75 75 75 75 75 75 75 75 75 75    742
AUG  75 75 75 75 75 75 75 75 75 75 75 76 76 76 76 76 76 75 75 75 75 75 75 75 75 75 75 75 75 75 75    752
SEP  75 75 75 75 75 75 75 75 75 75 74 74 74 74 74 74 74 74 74 74 74 73 73 73 73 73 73 73 73 72       740
OCT  72 72 72 72 72 71 71 71 71 71 71 70 70 70 70 70 69 69 69 69 69 68 68 68 68 67 67 67 67 67 66    695
NOV  66 66 66 65 65 65 65 64 64 64 64 64 63 63 63 63 62 62 62 62 62 62 61 61 61 61 61 60 60 60       629
DEC  60 60 60 60 59 59 59 59 59 59 59 59 58 58 58 58 58 58 58 58 58 58 58 58 58 58 58 58 58 58 58    585
                                                                                                        
-------------------------------------------------------------------------------------------------       
 Heating Degree Days                                                                                    
 DAY  1  2  3  4  5  6  7  8  9 10 11 12 13 14 15 16 17 18 19 20 21 22 23 24 25 26 27 28 29 30 31  MONTH
-------------------------------------------------------------------------------------------------       
JAN   7  7  7  7  7  7  7  7  7  7  7  7  7  7  7  7  7  7  7  7  7  6  6  6  6  6  6  6  6  6  6    207
FEB   6  6  6  6  6  6  6  6  6  5  5  5  5  5  5  5  5  5  5  5  5  5  5  5  5  5  5  5             149
MAR   5  5  5  5  5  5  5  5  5  5  5  5  5  5  5  5  5  5  5  5  4  4  4  4  4  4  4  4  4  4  4    144
APR   4  4  4  4  3  3  3  3  3  3  3  3  3  3  3  3  3  3  3  2  2  2  2  2  2  2  2  2  2  2        83
MAY   2  2  2  2  2  2  1  1  1  1  1  1  1  1  1  1  1  1  1  1  1  1  1  1  1  1  1  1  1  1  0     36
JUN -99-99-99-99-99  0  0  0  0  0  0  0  0  0  0  0  0  0  0  0  0  0  0  0  0  0  0  0  0  0         5
JUL   0  0  0  0  0  0  0  0  0  0  0  0  0  0  0  0  0  0  0  0  0  0  0  0  0  0  0  0  0  0  0      0
AUG   0  0  0  0  0  0  0  0  0  0  0  0  0  0  0  0  0  0  0  0  0  0  0  0  0  0  0  0  0  0  0      0
SEP   0  0  0  0  0  0  0  0  0-99  0  0  0  0  0  0  0  0  0  0  0  0  0  0  0  0  0  0  0  0         1
OCT   0  0  0  0  0  0  0  0  0  0  0  0  0  0  0  0  0  0  0  0  1  1  1  1  1  1  1  1  1  1  1     11
NOV   1  1  2  2  2  2  2  2  2  2  2  3  3  3  3  3  3  3  3  4  4  4  4  4  4  4  4  5  5  5        91
DEC   5  5  5  6  6  6  6  6  6  6  6  6  6  7  7  7  7  7  7  7  7  7  7  7  7  7  7  7  7  7  7    201
                                                                                                        
-------------------------------------------------------------------------------------------------       
 Cooling Degree Days                                                                                    
 DAY  1  2  3  4  5  6  7  8  9 10 11 12 13 14 15 16 17 18 19 20 21 22 23 24 25 26 27 28 29 30 31  MONTH
-------------------------------------------------------------------------------------------------       
JAN   0  0  0  0  0  0  0  0  0  0  0  0  0  0  0  0-99-99-99-99-99-99-99-99-99-99-99-99-99-99-99     15
FEB   0  0  0-99-99-99-99-99-99-99-99-99-99-99-99-99-99-99-99-99-99-99-99-99-99-99  0  0              23
MAR -99-99-99-99-99  0  0  0  0  0  1  1  1  1  1  1  1  1  1  1  1  1  1  1  1  1  1  1  1  1  1     26
APR   1  1  2  2  2  2  2  2  2  2  2  2  2  2  2  2  2  2  2  2  2  2  2  2  2  2  2  2  2  2        58
MAY   2  2  2  2  2  2  2  2  2  2  2  2  2  2  3  3  3  3  3  3  3  3  3  3  3  3  4  4  4  4  4     84
JUN   4  4  4  4  5  5  5  5  5  5  5  5  6  6  6  6  6  6  6  7  7  7  7  7  7  7  7  8  8  8       178
JUL   8  8  8  9  9  9  9  9  9  9  9  9 10 10 10 10 10 10 10 10 10 10 10 10 10 10 10 10 10 10 10    295
AUG  10 10 10 10 10 10 10 11 11 11 11 11 11 11 11 11 11 11 11 11 11 11 10 10 10 10 10 10 10 10 10    325
SEP  10 10 10 10 10 10 10 10 10 10 10 10 10 10 10 10  9  9  9  9  9  9  9  9  9  8  8  8  8  8       281
OCT   8  7  7  7  7  7  7  7  6  6  6  6  6  6  5  5  5  5  5  5  5  4  4  4  4  4  4  3  3  3  3    164
NOV   3  3  3  2  2  2  2  2  2  2  2  2  1  1  1  1  1  1  1  1  1  1  1  1  1  1  1  1  1  0        44
DEC -99-99-99-99-99-99-99-99-99-99-99-99-99  0  0  0  0  0  0  0  0  0  0  0  0  0  0  0  0  0  0     13
                                                                                                        
-------------------------------------------------------------------------------------------------       
 Total  Precipitation (Hundreths of an Inch)                                                            
 DAY  1  2  3  4  5  6  7  8  9 10 11 12 13 14 15 16 17 18 19 20 21 22 23 24 25 26 27 28 29 30 31  MONTH
-------------------------------------------------------------------------------------------------       
JAN   8  9  9  9  9  9  9 10 10 10 10 10 10 11 11 11 11 11 11 11 12 12 12 12 12 12 12 12 12 13 13    333
FEB  13 13 13 13 13 13 13 13 13 13 13 13 13 14 14 14 14 13 13 13 13 13 13 13 13 13 13 13             368
MAR  13 13 13 12 12 12 12 12 12 12 11 11 11 11 11 10 10 10 10 10  9  9  9  8  8  8  8  7  7  7  6    314
APR   6  6  5  5  5  5  4  4  4  3  3  3  3  3  2  2  2  2  2  2  2  2  1  1  1  1  1  1  1  1        83
MAY   1  1  1  1  1  1  1  1  1  1  1  1  1  1  1  1  1  1  1  1  1  1  1  1  1  1  1  1  1  1  1     31
JUN   1  1  1  1  1  1  0  0  0  0  0  0  0  0  0  0  0  0  0  0  0  0  0  0  0  0  0  0  0  0         6
JUL   0  0  0  0  0  0  0  0  0  0  0  0  0  0  0  0  0  0  0  0  0  0  0  0  0  0  0  0  0  0  1      1
AUG   0  0  0  0  0  0  0  0  0  0  0  0  0  0  0  0  0  0  1  1  1  1  1  1  1  1  1  1  1  1  1     13
SEP   1  1  1  1  1  1  1  1  1  1  1  1  1  1  1  1  2  2  1  1  1  1  1  1  1  1  1  1  1  1        32
OCT   1  1  1  1  1  1  1  1  1  1  1  1  1  1  1  1  1  1  1  1  1  1  1  1  1  2  2  2  2  2  2     37
NOV   2  2  2  3  3  3  3  3  3  3  3  3  3  3  4  4  4  4  4  4  4  4  4  4  4  4  4  4  5  5       105
DEC   5  5  5  5  5  5  5  5  5  5  5  6  6  6  6  6  6  6  6  6  7  7  7  7  7  7  8  8  8  8  8    191
                                                                                                        
